100	4.4094e-05	2.1281e-05	3.0071e-05	1.3193e-05	1.8816e-05	
200	0.000146726	7.4093e-05	0.000102232	2.5852e-05	3.1597e-05	
300	0.000335102	0.000167987	0.000250279	4.2931e-05	6.1302e-05	
400	0.000657969	0.000313419	0.000378133	6.2156e-05	9.8029e-05	
500	0.00152418	0.000506709	0.000649728	8.0258e-05	9.6641e-05	
750	0.00197981	0.00107059	0.00134146	0.000123186	0.000162322	
1000	0.0033932	0.00186542	0.00234042	0.000162587	0.000190274	
2000	0.0171134	0.0126658	0.0103042	0.000565275	0.000457696	
3000	0.0410931	0.0446975	0.0237536	0.00123147	0.000658141	
4000	0.0627256	0.0345988	0.0392926	0.000669862	0.00105207	
5000	0.0919958	0.0526764	0.0571737	0.000793928	0.00127407	
6000	0.135282	0.0698446	0.0839485	0.00116402	0.00127644	
7000	0.255584	0.0994995	0.109964	0.00141663	0.00177431	
8000	0.248542	0.124147	0.150565	0.00157896	0.00177628	
9000	0.330693	0.166363	0.318928	0.00178917	0.0026496	
10000	0.560158	0.208023	0.240267	0.00178147	0.00221756	
15000	1.1069	0.456861	0.516561	0.00262939	0.00345532	
20000	2.10951	0.812178	0.936736	0.00358415	0.0047141	
25000	3.45154	1.27244	1.4339	0.00450993	0.00584509	
30000	4.9714	1.83011	2.08544	0.00556241	0.00900454	
35000	6.87559	2.5154	2.88366	0.00617988	0.00852598	
40000	9.08592	3.22249	3.66913	0.00732457	0.0101037	
45000	11.6589	4.39984	4.71053	0.00896681	0.0123565	
50000	14.7088	5.17654	5.82921	0.00952757	0.0122146	
55000	16.9671	5.88637	6.57373	0.0101978	0.0149537	
60000	20.2374	7.95035	8.42652	0.0106329	0.0164911	
65000	29.9917	8.15624	9.2084	0.0119594	0.0167532	
70000	30.8731	12.3743	12.2985	0.011893	0.0172177	
75000	36.0606	11.5468	11.9127	0.0151069	0.0186059	
80000	42.4026	12.0246	14.2548	0.013054	0.018139	
85000	41.0167	14.1878	15.1789	0.014565	0.0229949	
90000	44.5589	15.11	18.118	0.0192398	0.0248052	
95000	50.2293	16.8564	18.9201	0.0166399	0.0241341	
100000	60.6365	19.8314	22.2383	0.0184327	0.0245654	
110000		23.5518	26.6526	0.0186341	0.0266479	
120000		28.2178	31.7518	0.0191529	0.028517	
130000		33.1643	37.3352	0.0263953	0.0326475	
140000		38.4315	43.2468	0.030292	0.0380271	
150000		43.5906	49.8623	0.0285077	0.0410067	
160000		54.8874	56.1668	0.0288207	0.0394302	
170000		53.8808	67.7076	0.0341788	0.0505784	
180000		63.2845		0.0362554	0.0469769	
190000				0.0349368	0.0492771	
200000				0.0402461	0.0599411	
300000				0.0551961	0.081682	
400000				0.0765656	0.0928137	
500000				0.0996672	0.124926	
600000				0.125096	0.164742	
700000				0.138082	0.201959	
800000				0.167435	0.22166	
900000				0.177836	0.259967	
1000000				0.208826	0.268185	
2000000				0.42577	0.579589	
3000000				0.622042	0.897081	
4000000				0.865286	1.18145	
5000000				1.05199	1.48676	
6000000				1.28904	1.79188	
7000000				1.51532	2.10789	
8000000				1.78229	2.35693	
9000000				1.90206	2.69388	
10000000				2.1168	2.9669	
